I1: 0.000277196
I2: 0.000147456
Ir: 6.1e-06
b1: 0.0004
b2: 0.0004
cf1: 0.0030535619759663626
cf2: 0.0007777171177173469
g: 9.81
gr: 1.0
l1: 0.05
l2: 0.05
m1: 0.201
m2: 0.134
r1: 0.012
r2: 0.02
tl1: 0.15
tl2: 0.15