I1: 0.0002845662949985548
I2: 0.00016261853990636374
Ir: 6.1e-05
b1: 0.00018161485511433622
b2: 0.00042279778870971173
cf1: 0.0018286874011759675
cf2: 0.001992042742589636
g: 9.81
gr: 1.0
l1: 0.05
l2: 0.05
m1: 0.11695286824528107
m2: 0.06825281085129854
r1: 0.05
r2: 0.04362728028412147
tl1: 0.15
tl2: 0.15
