I1: 8.908336648264548e-31
I2: 2.642e-05
Ir: 6.1e-06
b1: 7.280180630216783e-06
b2: 2.4032089056283886e-05
cf1: 7.340667691729699e-05
cf2: 3.640386035508025e-05
g: 9.81
gr: 1.0
l1: 0.05
l2: 0.05
m1: 0.1700180515834032
m2: 0.06
r1: 0.012
r2: 0.0484414793694021
tl1: 0.15
tl2: 0.15