I1: 0.00046166221821039165
I2: 0.00023702395072092597
Ir: 6.1e-06
b1: 7.634058385430087e-12
b2: 0.0005106535523065844
cf1: 0.0022933128359236008
cf2: 0.0013188243178924417
g: 9.81
gr: 1.0
l1: 0.05
l2: 0.05
m1: 0.10548177618443695
m2: 0.07619744360415454
r1: 0.05
r2: 0.03670036749567022
tl1: 0.15
tl2: 0.15
