I1: 3.675e-15
I2: 2.642e-05
Ir: 6.1e-06
b1: 7.334752939170073e-06
b2: 2.4018374261883596e-05
cf1: 7.33897379356979e-05
cf2: 3.662024966745832e-05
g: 9.81
gr: 1.0
l1: 0.05
l2: 0.05
m1: 0.2655173127415207
m2: 0.06000000272471205
r1: 0.012
r2: 0.010000001944836273
tl1: 0.15
tl2: 0.15